0.0000000000e+00	1.0000000000e+00	946865	1.0440428109e+03
1.0000000000e+00	2.1067993665e-05
2.0000000000e+00	4.3758315479e-07
3.0000000000e+00	8.5826310356e-06
4.0000000000e+00	8.3072952259e-06
5.0000000000e+00	4.2538571556e-06
6.0000000000e+00	2.1162377654e-06
7.0000000000e+00	7.7164662760e-06
8.0000000000e+00	3.4327841387e-06
9.0000000000e+00	6.7772396608e-06
1.0000000000e+01	5.5474405583e-06
1.1000000000e+01	3.6990425509e-06
1.2000000000e+01	1.0978396884e-06
1.3000000000e+01	3.9263800869e-06
1.4000000000e+01	2.2182866057e-06
1.5000000000e+01	3.9663687255e-07
1.6000000000e+01	3.9025525785e-06
1.7000000000e+01	1.1221284861e-06
1.8000000000e+01	7.1189951874e-07
1.9000000000e+01	5.6402783237e-07
2.0000000000e+01	4.5091709156e-08
2.1000000000e+01	9.5258264148e-07
2.2000000000e+01	1.1922862544e-07
2.3000000000e+01	3.1145802976e-06
2.4000000000e+01	1.0187484429e-06
2.5000000000e+01	2.8347531706e-07
2.6000000000e+01	1.2020978544e-06
2.7000000000e+01	7.9406356641e-07
2.8000000000e+01	5.3970060790e-07
2.9000000000e+01	7.5351603980e-07
3.0000000000e+01	3.0884877891e-07
3.1000000000e+01	2.6017461310e-06
3.2000000000e+01	5.4700283197e-07
3.3000000000e+01	1.5010826388e-07
3.4000000000e+01	1.2023732285e-07
3.5000000000e+01	7.8397606389e-07
3.6000000000e+01	8.7294924609e-07
3.7000000000e+01	1.3696159406e-06
3.8000000000e+01	1.3535097375e-07
3.9000000000e+01	1.3098733883e-06
4.0000000000e+01	3.8041489509e-07
4.1000000000e+01	4.0087333452e-07
4.2000000000e+01	1.2078959667e-06
4.3000000000e+01	1.2954627988e-06
4.4000000000e+01	1.1406745421e-06
4.5000000000e+01	1.7960171321e-06
4.6000000000e+01	7.0673257365e-07
4.7000000000e+01	3.2937198864e-07
4.8000000000e+01	6.4969756502e-07
4.9000000000e+01	2.5398490569e-06
5.0000000000e+01	3.6387738132e-07
5.1000000000e+01	5.0462035599e-07
5.2000000000e+01	1.9203777915e-06
5.3000000000e+01	1.0751005543e-06
5.4000000000e+01	1.4612930144e-07
5.5000000000e+01	2.9619404693e-07
5.6000000000e+01	1.1566186028e-07
5.7000000000e+01	9.6400807123e-07
5.8000000000e+01	3.1289815525e-08
5.9000000000e+01	3.8316791854e-05
6.0000000000e+01	1.0238700708e-04
6.1000000000e+01	1.3669270115e-06
6.2000000000e+01	2.2854004742e-06
6.3000000000e+01	3.3620291363e-06
6.4000000000e+01	3.6767831950e-06
6.5000000000e+01	3.4752324272e-07
6.6000000000e+01	1.9744775603e-06
6.7000000000e+01	1.4806918583e-07
6.8000000000e+01	6.1815416297e-08
6.9000000000e+01	2.1068998581e-06
7.0000000000e+01	1.9150638472e-07
7.1000000000e+01	9.8866261828e-07
7.2000000000e+01	1.7480170036e-06
7.3000000000e+01	3.6087364620e-07
7.4000000000e+01	1.1365231396e-06
7.5000000000e+01	4.7402759182e-07
7.6000000000e+01	1.5643047218e-06
7.7000000000e+01	2.1883437379e-07
7.8000000000e+01	1.7472617613e-06
7.9000000000e+01	9.7275831349e-08
8.0000000000e+01	1.0574648109e-06
8.1000000000e+01	1.4244661105e-07
8.2000000000e+01	2.7235172317e-07
8.3000000000e+01	4.0208474965e-06
8.4000000000e+01	1.0959731935e-06
8.5000000000e+01	2.0909677291e-06
8.6000000000e+01	1.0771066143e-07
8.7000000000e+01	1.8355048953e-06
8.8000000000e+01	3.3499210066e-07
8.9000000000e+01	1.7983462914e-06
9.0000000000e+01	1.7294322142e-06
9.1000000000e+01	5.2704998648e-07
9.2000000000e+01	4.1186230387e-07
9.3000000000e+01	3.2232912214e-07
9.4000000000e+01	9.7022986068e-07
9.5000000000e+01	1.2412590448e-06
9.6000000000e+01	1.2190305539e-06
9.7000000000e+01	8.9240552615e-07
9.8000000000e+01	5.5586513744e-07
9.9000000000e+01	4.0830268241e-07
1.0000000000e+02	5.3788557336e-07
1.0100000000e+02	3.8152232459e-06
1.0200000000e+02	2.7891916755e-07
1.0300000000e+02	7.0985674789e-07
1.0400000000e+02	3.9904785698e-07
1.0500000000e+02	2.8904529729e-07
1.0600000000e+02	2.1613602463e-07
1.0700000000e+02	4.9640631256e-07
1.0800000000e+02	9.1915506411e-09
1.0900000000e+02	2.5077284153e-06
1.1000000000e+02	4.8388481830e-07
1.1100000000e+02	4.9464158549e-07
1.1200000000e+02	2.0599123405e-06
1.1300000000e+02	1.2655092795e-06
1.1400000000e+02	1.0855333741e-06
1.1500000000e+02	3.1593040359e-07
1.1600000000e+02	1.5663459798e-06
1.1700000000e+02	6.0386105398e-08
1.1800000000e+02	1.3766294185e-07
1.1900000000e+02	2.8205846675e-06
1.2000000000e+02	2.3128132217e-04
1.2100000000e+02	5.0725772052e-06
1.2200000000e+02	3.5367228509e-06
1.2300000000e+02	3.1241119601e-07
1.2400000000e+02	1.0809478793e-06
1.2500000000e+02	7.0305050679e-06
1.2600000000e+02	2.3947770705e-06
1.2700000000e+02	8.1829484435e-07
1.2800000000e+02	1.9920968168e-08
1.2900000000e+02	1.0695158899e-08
1.3000000000e+02	2.1003019213e-07
1.3100000000e+02	1.7633944028e-06
1.3200000000e+02	1.3764236040e-07
1.3300000000e+02	2.7590416284e-06
1.3400000000e+02	2.9897739835e-07
1.3500000000e+02	2.9274075351e-07
1.3600000000e+02	6.9366160712e-07
1.3700000000e+02	7.8145068458e-07
1.3800000000e+02	7.6503031529e-07
1.3900000000e+02	7.5685005944e-07
1.4000000000e+02	1.7050031202e-06
1.4100000000e+02	2.4533270587e-06
1.4200000000e+02	1.1999178381e-06
1.4300000000e+02	2.2879681897e-07
1.4400000000e+02	3.0987051708e-07
1.4500000000e+02	1.0051709298e-07
1.4600000000e+02	2.6345726394e-07
1.4700000000e+02	4.5529753463e-08
1.4800000000e+02	2.0765652093e-06
1.4900000000e+02	8.1016232091e-07
1.5000000000e+02	2.1939687295e-07
1.5100000000e+02	4.6882026133e-06
1.5200000000e+02	1.1063277921e-07
1.5300000000e+02	9.6435513498e-07
1.5400000000e+02	5.0345744872e-07
1.5500000000e+02	6.9517740096e-07
1.5600000000e+02	1.3542825216e-07
1.5700000000e+02	6.0110950509e-07
1.5800000000e+02	1.5510084910e-07
1.5900000000e+02	9.1794036224e-07
1.6000000000e+02	4.3889009895e-08
1.6100000000e+02	3.4451608645e-06
1.6200000000e+02	1.4396285373e-06
1.6300000000e+02	5.9756164086e-07
1.6400000000e+02	4.0543093057e-07
1.6500000000e+02	1.3944103439e-06
1.6600000000e+02	5.7833054980e-08
1.6700000000e+02	1.1507657429e-06
1.6800000000e+02	8.1155194892e-07
1.6900000000e+02	1.0078850258e-06
1.7000000000e+02	1.4622476584e-07
1.7100000000e+02	2.1271488728e-07
1.7200000000e+02	3.9540981774e-06
1.7300000000e+02	5.8431312359e-07
1.7400000000e+02	6.3326162135e-07
1.7500000000e+02	6.3057798552e-07
1.7600000000e+02	2.5481492892e-06
1.7700000000e+02	2.9840098087e-06
1.7800000000e+02	3.3725993790e-07
1.7900000000e+02	4.2869812858e-07
1.8000000000e+02	1.0065395399e-04
1.8100000000e+02	1.2267367461e-06
1.8200000000e+02	1.5337017910e-06
1.8300000000e+02	4.3703405542e-07
1.8400000000e+02	3.5532396847e-06
1.8500000000e+02	4.3176715710e-08
1.8600000000e+02	1.0383538904e-06
1.8700000000e+02	6.7969691392e-07
1.8800000000e+02	1.4668824450e-07
1.8900000000e+02	4.4138046702e-07
1.9000000000e+02	7.2545411977e-07
1.9100000000e+02	9.9056455569e-07
1.9200000000e+02	1.5706556428e-08
1.9300000000e+02	8.7261274013e-07
1.9400000000e+02	1.3890838710e-06
1.9500000000e+02	1.2422140959e-06
1.9600000000e+02	1.6982059696e-06
1.9700000000e+02	1.3470486814e-06
1.9800000000e+02	1.7584822688e-06
1.9900000000e+02	2.4438299734e-07
2.0000000000e+02	3.7205750453e-06
2.0100000000e+02	2.4873625514e-08
2.0200000000e+02	4.6114070984e-07
2.0300000000e+02	5.0578805339e-06
2.0400000000e+02	5.3606009758e-07
2.0500000000e+02	6.3823257336e-07
2.0600000000e+02	4.1903054490e-08
2.0700000000e+02	4.0504299253e-07
2.0800000000e+02	3.6587236452e-07
2.0900000000e+02	9.8093319419e-07
2.1000000000e+02	6.4445497794e-07
2.1100000000e+02	9.0206201959e-07
2.1200000000e+02	1.6512543063e-06
2.1300000000e+02	1.2569330597e-06
2.1400000000e+02	4.1855809686e-07
2.1500000000e+02	5.3219580643e-07
2.1600000000e+02	3.6240993852e-07
2.1700000000e+02	4.8494343408e-07
2.1800000000e+02	3.4949142663e-06
2.1900000000e+02	1.9660687761e-07
2.2000000000e+02	1.7502914465e-07
2.2100000000e+02	2.6643615079e-06
2.2200000000e+02	1.0848872383e-07
2.2300000000e+02	1.8286875996e-06
2.2400000000e+02	9.7203254124e-07
2.2500000000e+02	1.7169660708e-07
2.2600000000e+02	2.1733600910e-07
2.2700000000e+02	3.4885473873e-07
2.2800000000e+02	2.4053311486e-07
2.2900000000e+02	1.2053832302e-06
2.3000000000e+02	1.8586379856e-07
2.3100000000e+02	3.0248473930e-07
2.3200000000e+02	2.8321299403e-07
2.3300000000e+02	1.5552495998e-06
2.3400000000e+02	5.9076658368e-07
2.3500000000e+02	7.7692258591e-07
2.3600000000e+02	9.6452308483e-07
2.3700000000e+02	4.5018140764e-07
2.3800000000e+02	1.8451475943e-08
2.3900000000e+02	3.2276918494e-07
2.4000000000e+02	5.1112205359e-05
2.4100000000e+02	1.5461123112e-07
2.4200000000e+02	2.2065166158e-07
2.4300000000e+02	5.1964860562e-06
2.4400000000e+02	4.2558935715e-07
2.4500000000e+02	2.8516998922e-06
2.4600000000e+02	3.8893318614e-07
2.4700000000e+02	9.0625484635e-07
2.4800000000e+02	4.3295813191e-07
2.4900000000e+02	5.8098961236e-07
2.5000000000e+02	8.1638721208e-07
2.5100000000e+02	1.4538821210e-07
2.5200000000e+02	1.0658431563e-06
2.5300000000e+02	1.3499441077e-06
2.5400000000e+02	1.5738288654e-07
2.5500000000e+02	2.8556953334e-06
2.5600000000e+02	1.5531960585e-06
2.5700000000e+02	9.3083783006e-07
2.5800000000e+02	2.6340959652e-07
2.5900000000e+02	6.0438588938e-07
2.6000000000e+02	4.3838402867e-06
2.6100000000e+02	7.9564354921e-07
2.6200000000e+02	2.3087448352e-06
2.6300000000e+02	6.7968731347e-07
2.6400000000e+02	3.6693760274e-06
2.6500000000e+02	4.9838917520e-07
2.6600000000e+02	6.5622226482e-07
2.6700000000e+02	9.7087930260e-08
2.6800000000e+02	8.5205345474e-07
2.6900000000e+02	2.6038846115e-06
2.7000000000e+02	2.8497426418e-06
2.7100000000e+02	5.4885808425e-07
2.7200000000e+02	1.9124444853e-07
2.7300000000e+02	6.6356207515e-08
2.7400000000e+02	1.3349306289e-06
2.7500000000e+02	4.3284430746e-07
2.7600000000e+02	4.9700885796e-07
2.7700000000e+02	1.4164705327e-06
2.7800000000e+02	8.3509012044e-08
2.7900000000e+02	1.7922421650e-07
2.8000000000e+02	4.4517663920e-07
2.8100000000e+02	4.7573877747e-07
2.8200000000e+02	8.9250734653e-08
2.8300000000e+02	6.4576712927e-07
2.8400000000e+02	2.2656219999e-07
2.8500000000e+02	3.8846970291e-06
2.8600000000e+02	2.8921733884e-07
2.8700000000e+02	1.6990696428e-07
2.8800000000e+02	1.1125266964e-06
2.8900000000e+02	1.2046956901e-06
2.9000000000e+02	2.1155957172e-06
2.9100000000e+02	1.9437624203e-07
2.9200000000e+02	3.8986107097e-07
2.9300000000e+02	2.0409623715e-06
2.9400000000e+02	1.4137888714e-06
2.9500000000e+02	7.4403984867e-07
2.9600000000e+02	1.0376165732e-06
2.9700000000e+02	1.1123714611e-07
2.9800000000e+02	1.2248043811e-06
2.9900000000e+02	5.1132773710e-07
3.0000000000e+02	2.1308687944e-05
3.0100000000e+02	1.1307545279e-06
3.0200000000e+02	9.4420755946e-07
3.0300000000e+02	1.2235108164e-06
3.0400000000e+02	2.3325476263e-06
3.0500000000e+02	2.0312405685e-08
3.0600000000e+02	3.8950776961e-06
3.0700000000e+02	1.0975664482e-06
3.0800000000e+02	1.0540580363e-07
3.0900000000e+02	1.3011836958e-06
3.1000000000e+02	1.0959287970e-06
3.1100000000e+02	5.4512834307e-06
3.1200000000e+02	1.3976955385e-07
3.1300000000e+02	3.0349132999e-07
3.1400000000e+02	1.9120590188e-07
3.1500000000e+02	8.5053558964e-07
3.1600000000e+02	8.6016243767e-08
3.1700000000e+02	4.9292929887e-07
3.1800000000e+02	7.3057320309e-07
3.1900000000e+02	2.2430644053e-06
3.2000000000e+02	3.7930140995e-07
3.2100000000e+02	1.3571908605e-06
3.2200000000e+02	2.1447921567e-06
3.2300000000e+02	4.5484264216e-09
3.2400000000e+02	5.8630385323e-07
3.2500000000e+02	5.6624188927e-07
3.2600000000e+02	3.2557946769e-07
3.2700000000e+02	2.2169835582e-07
3.2800000000e+02	1.0628695748e-07
3.2900000000e+02	2.6643028340e-07
3.3000000000e+02	9.8153474386e-07
3.3100000000e+02	1.7792837774e-06
3.3200000000e+02	1.7794765127e-07
3.3300000000e+02	7.9242224934e-07
3.3400000000e+02	3.0128281751e-07
3.3500000000e+02	6.2112431114e-07
3.3600000000e+02	2.0404595293e-07
3.3700000000e+02	6.3223740792e-07
3.3800000000e+02	1.3653224033e-06
3.3900000000e+02	1.4914127478e-06
3.4000000000e+02	8.3579050536e-07
3.4100000000e+02	1.6038940819e-06
3.4200000000e+02	1.1232282773e-06
3.4300000000e+02	1.2516818313e-06
3.4400000000e+02	6.0760162416e-07
3.4500000000e+02	1.4546780449e-06
3.4600000000e+02	8.1793647877e-07
3.4700000000e+02	8.5061956571e-07
3.4800000000e+02	6.0475425571e-07
3.4900000000e+02	7.0826709043e-07
3.5000000000e+02	7.0352733068e-07
3.5100000000e+02	5.2763840694e-07
3.5200000000e+02	4.6963667643e-08
3.5300000000e+02	3.3748119189e-07
3.5400000000e+02	1.7639852685e-06
3.5500000000e+02	3.8630956449e-07
3.5600000000e+02	8.6192046293e-07
3.5700000000e+02	6.9184567661e-07
3.5800000000e+02	5.3443006385e-06
3.5900000000e+02	3.7171628029e-07
3.6000000000e+02	5.6133976811e-06
3.6100000000e+02	8.5659475411e-08
3.6200000000e+02	2.1330087547e-07
3.6300000000e+02	5.1381120249e-07
3.6400000000e+02	6.5161974585e-07
3.6500000000e+02	4.1974704739e-07
3.6600000000e+02	2.4668688249e-06
3.6700000000e+02	2.7576064421e-06
3.6800000000e+02	1.2056061369e-06
3.6900000000e+02	2.3458014488e-06
3.7000000000e+02	7.5106954249e-07
3.7100000000e+02	7.2130198474e-07
3.7200000000e+02	2.1196078088e-06
3.7300000000e+02	1.3210775330e-06
3.7400000000e+02	3.8479036142e-07
3.7500000000e+02	1.4661507499e-06
3.7600000000e+02	9.1032621113e-07
3.7700000000e+02	1.8812453091e-06
3.7800000000e+02	8.6588613647e-07
3.7900000000e+02	6.0695099370e-09
3.8000000000e+02	2.3680640392e-06
3.8100000000e+02	1.7271803657e-07
3.8200000000e+02	7.1239964322e-07
3.8300000000e+02	1.1423195384e-06
3.8400000000e+02	2.5136554448e-07
3.8500000000e+02	1.0906056836e-07
3.8600000000e+02	1.9157702229e-07
3.8700000000e+02	1.2780656205e-06
3.8800000000e+02	8.8883935158e-07
3.8900000000e+02	8.4368886937e-07
3.9000000000e+02	4.0520588440e-08
3.9100000000e+02	7.5597721426e-07
3.9200000000e+02	1.6216487067e-06
3.9300000000e+02	9.7992421716e-07
3.9400000000e+02	5.4292491036e-07
3.9500000000e+02	9.5906975407e-07
3.9600000000e+02	3.1224266030e-07
3.9700000000e+02	7.5577527904e-07
3.9800000000e+02	1.5429684926e-06
3.9900000000e+02	1.0318681482e-06
4.0000000000e+02	1.7123093871e-07
4.0100000000e+02	3.5974086319e-06
4.0200000000e+02	1.0399232840e-06
4.0300000000e+02	3.3450922854e-08
4.0400000000e+02	6.3803628669e-07
4.0500000000e+02	3.9589881155e-07
4.0600000000e+02	1.9321109807e-06
4.0700000000e+02	8.4104990891e-07
4.0800000000e+02	4.8080431248e-07
4.0900000000e+02	4.9256490582e-07
4.1000000000e+02	8.3670180273e-08
4.1100000000e+02	1.7428144205e-06
4.1200000000e+02	8.3708517162e-07
4.1300000000e+02	1.1495889167e-06
4.1400000000e+02	2.2665742811e-06
4.1500000000e+02	7.3528453256e-07
4.1600000000e+02	5.0676927396e-08
4.1700000000e+02	4.9176157239e-07
4.1800000000e+02	5.9245674859e-07
4.1900000000e+02	9.4277514014e-07
4.2000000000e+02	2.9730823044e-06
4.2100000000e+02	6.8486707676e-08
4.2200000000e+02	8.9743689811e-08
4.2300000000e+02	2.7335600592e-07
4.2400000000e+02	1.0040083105e-06
4.2500000000e+02	9.5411354550e-07
4.2600000000e+02	7.8078000452e-07
4.2700000000e+02	1.6954619758e-06
4.2800000000e+02	5.1209566204e-08
4.2900000000e+02	1.6999979971e-07
4.3000000000e+02	1.2189451327e-06
4.3100000000e+02	2.8738296658e-06
4.3200000000e+02	3.3254624769e-06
4.3300000000e+02	2.2710595012e-06
4.3400000000e+02	8.0762142313e-07
4.3500000000e+02	3.2540269254e-06
4.3600000000e+02	6.4585871907e-07
4.3700000000e+02	3.9577472715e-07
4.3800000000e+02	1.3281270475e-06
4.3900000000e+02	4.0779160639e-08
4.4000000000e+02	2.6718955009e-07
4.4100000000e+02	6.2222642332e-08
4.4200000000e+02	6.4460608022e-07
4.4300000000e+02	1.4460373134e-07
4.4400000000e+02	3.3227849344e-07
4.4500000000e+02	1.0883892477e-06
4.4600000000e+02	4.9093558168e-07
4.4700000000e+02	1.8515541519e-07
4.4800000000e+02	6.1316185781e-07
4.4900000000e+02	8.0532194173e-07
4.5000000000e+02	5.7238571699e-07
4.5100000000e+02	1.6662191225e-07
4.5200000000e+02	3.1530986065e-06
4.5300000000e+02	1.8745387526e-07
4.5400000000e+02	2.5700510854e-07
4.5500000000e+02	2.9298963164e-07
4.5600000000e+02	9.1018799126e-07
4.5700000000e+02	8.6958242400e-07
4.5800000000e+02	6.8471280395e-07
4.5900000000e+02	6.9614804765e-07
4.6000000000e+02	1.0078107505e-06
4.6100000000e+02	5.1211803750e-07
4.6200000000e+02	4.1273815353e-07
4.6300000000e+02	4.0218423873e-07
4.6400000000e+02	5.0256592345e-07
4.6500000000e+02	8.3842845786e-07
4.6600000000e+02	1.0101151112e-06
4.6700000000e+02	3.1611340410e-06
4.6800000000e+02	2.8324756084e-07
4.6900000000e+02	3.2802637334e-07
4.7000000000e+02	2.0021428589e-06
4.7100000000e+02	1.5439558032e-07
4.7200000000e+02	1.0960458225e-06
4.7300000000e+02	1.0478860629e-07
4.7400000000e+02	2.7636617216e-06
4.7500000000e+02	4.9345426697e-07
4.7600000000e+02	5.2817002280e-07
4.7700000000e+02	8.0555931515e-09
4.7800000000e+02	9.1452710284e-07
4.7900000000e+02	1.8748211599e-06
4.8000000000e+02	1.4922534718e-07
4.8100000000e+02	6.3908568685e-07
4.8200000000e+02	2.9145518590e-07
4.8300000000e+02	1.1360573906e-07
4.8400000000e+02	1.7522799260e-06
4.8500000000e+02	8.5908389109e-07
4.8600000000e+02	1.4218139764e-06
4.8700000000e+02	6.9206302980e-07
4.8800000000e+02	6.2927711713e-07
4.8900000000e+02	2.7742237901e-07
4.9000000000e+02	8.6719829311e-08
4.9100000000e+02	5.4331292862e-07
4.9200000000e+02	1.7239628223e-07
4.9300000000e+02	1.7806297771e-06
4.9400000000e+02	1.0460785554e-07
4.9500000000e+02	1.0855380661e-06
4.9600000000e+02	3.1423285289e-06
4.9700000000e+02	6.5336564249e-07
4.9800000000e+02	5.4533768574e-07
4.9900000000e+02	7.4285950450e-07
5.0000000000e+02	3.0127288924e-06
5.0100000000e+02	1.0366950273e-07
5.0200000000e+02	5.1401709504e-07
5.0300000000e+02	6.1657182897e-07
5.0400000000e+02	1.2134911282e-07
5.0500000000e+02	8.8621481102e-07
5.0600000000e+02	8.0664274279e-07
5.0700000000e+02	5.5139142474e-07
5.0800000000e+02	7.1485318203e-07
5.0900000000e+02	3.1554341532e-06
5.1000000000e+02	2.2550567570e-07
5.1100000000e+02	5.0469403756e-07
5.1200000000e+02	9.3866895588e-07
5.1300000000e+02	2.4567502145e-07
5.1400000000e+02	1.1240395385e-06
5.1500000000e+02	3.6894173862e-06
5.1600000000e+02	1.2462769931e-07
5.1700000000e+02	3.6486789651e-06
5.1800000000e+02	4.1602790435e-06
5.1900000000e+02	7.5761820378e-07
5.2000000000e+02	1.6394459550e-06
5.2100000000e+02	6.5843382811e-07
5.2200000000e+02	1.8249479749e-06
5.2300000000e+02	1.2805240253e-07
5.2400000000e+02	7.3374806788e-07
5.2500000000e+02	1.4636682211e-06
5.2600000000e+02	1.6022519197e-07
5.2700000000e+02	4.8841179048e-07
5.2800000000e+02	1.3887042966e-07
5.2900000000e+02	2.9099191686e-07
5.3000000000e+02	3.5981743187e-08
5.3100000000e+02	2.1633531746e-07
5.3200000000e+02	1.2831881736e-06
5.3300000000e+02	7.4686946383e-07
5.3400000000e+02	1.8257574683e-06
5.3500000000e+02	2.3134738023e-07
5.3600000000e+02	3.1001357039e-07
5.3700000000e+02	2.5356806917e-07
5.3800000000e+02	6.1469936284e-07
5.3900000000e+02	8.8116486153e-07
5.4000000000e+02	1.0617068219e-05
5.4100000000e+02	1.9725943757e-07
5.4200000000e+02	9.1574534764e-07
5.4300000000e+02	2.2930281957e-06
5.4400000000e+02	2.1482461962e-08
5.4500000000e+02	8.4367641898e-08
5.4600000000e+02	6.2905820781e-07
5.4700000000e+02	1.7662770986e-07
5.4800000000e+02	4.9612164119e-06
5.4900000000e+02	1.1217785182e-06
5.5000000000e+02	5.9829109689e-07
5.5100000000e+02	2.3308009102e-07
5.5200000000e+02	4.6659411726e-07
5.5300000000e+02	1.2412403985e-06
5.5400000000e+02	7.3223106192e-08
5.5500000000e+02	2.4420525572e-07
5.5600000000e+02	4.9698536624e-07
5.5700000000e+02	5.2085728296e-07
5.5800000000e+02	3.8656785277e-06
5.5900000000e+02	8.0105679715e-07
5.6000000000e+02	6.8379168736e-07
5.6100000000e+02	1.7887889320e-06
5.6200000000e+02	4.1668325055e-07
5.6300000000e+02	5.5326447553e-07
5.6400000000e+02	4.5998789314e-06
5.6500000000e+02	5.4190337724e-07
5.6600000000e+02	1.2781377743e-06
5.6700000000e+02	5.8010438073e-07
5.6800000000e+02	2.9191751630e-07
5.6900000000e+02	4.3798701791e-07
5.7000000000e+02	8.1114327611e-08
5.7100000000e+02	5.8918033063e-07
5.7200000000e+02	1.4294234876e-07
5.7300000000e+02	8.9029666141e-07
5.7400000000e+02	1.8730799463e-06
5.7500000000e+02	5.7796449527e-07
5.7600000000e+02	1.9796222165e-06
5.7700000000e+02	8.2302147368e-07
5.7800000000e+02	8.2140678257e-08
5.7900000000e+02	1.0856036208e-06
5.8000000000e+02	4.4423543303e-08
5.8100000000e+02	7.0002112621e-07
5.8200000000e+02	2.9315638752e-07
5.8300000000e+02	1.5958812404e-06
5.8400000000e+02	1.7280279516e-06
5.8500000000e+02	1.2983695508e-06
5.8600000000e+02	8.9101934307e-07
5.8700000000e+02	1.4178128347e-07
5.8800000000e+02	2.4596653375e-06
5.8900000000e+02	2.1771538718e-07
5.9000000000e+02	6.2111632962e-07
5.9100000000e+02	1.1957118113e-06
5.9200000000e+02	2.5129340511e-06
5.9300000000e+02	1.5091891436e-06
5.9400000000e+02	1.4339945665e-08
5.9500000000e+02	5.8655122426e-07
5.9600000000e+02	3.7756766225e-07
5.9700000000e+02	8.2518756630e-07
5.9800000000e+02	5.1563092273e-06
5.9900000000e+02	9.0216162909e-07
6.0000000000e+02	3.3313800829e-07
6.0100000000e+02	6.9418728374e-07
6.0200000000e+02	3.3585986286e-06
6.0300000000e+02	4.8302038973e-07
6.0400000000e+02	1.0752699628e-06
6.0500000000e+02	2.2407993914e-06
6.0600000000e+02	8.6139346472e-07
6.0700000000e+02	1.1762644582e-07
6.0800000000e+02	3.2416692542e-06
6.0900000000e+02	2.3757718030e-08
6.1000000000e+02	1.0887095813e-06
6.1100000000e+02	5.0559757386e-07
6.1200000000e+02	7.8772573882e-07
6.1300000000e+02	3.5964928285e-07
6.1400000000e+02	4.3842130226e-07
6.1500000000e+02	7.6201034878e-07
6.1600000000e+02	1.2712754002e-06
6.1700000000e+02	6.9008956970e-07
6.1800000000e+02	1.6680695758e-06
6.1900000000e+02	1.0113100493e-06
6.2000000000e+02	2.8819560197e-07
6.2100000000e+02	1.1715990166e-06
6.2200000000e+02	3.5757931473e-07
6.2300000000e+02	5.4359526251e-07
6.2400000000e+02	1.3844573133e-06
6.2500000000e+02	2.6785217264e-06
6.2600000000e+02	2.0141779774e-06
6.2700000000e+02	4.6710861176e-07
6.2800000000e+02	1.5541209415e-07
6.2900000000e+02	6.2782410688e-07
6.3000000000e+02	1.0343580310e-07
6.3100000000e+02	1.9596670536e-07
6.3200000000e+02	1.0059231832e-06
6.3300000000e+02	7.9459205671e-07
6.3400000000e+02	1.0526685024e-06
6.3500000000e+02	6.2874062585e-06
6.3600000000e+02	1.1551199097e-06
6.3700000000e+02	7.1919762626e-08
6.3800000000e+02	1.2288842926e-06
6.3900000000e+02	1.5139309792e-06
6.4000000000e+02	2.5288791407e-07
6.4100000000e+02	1.4930574550e-07
6.4200000000e+02	8.9402638304e-07
6.4300000000e+02	5.5062005182e-06
6.4400000000e+02	6.2725074961e-07
6.4500000000e+02	1.5583386746e-07
6.4600000000e+02	2.5181374478e-07
6.4700000000e+02	1.3484714215e-07
6.4800000000e+02	1.6062896841e-06
6.4900000000e+02	3.5901470020e-07
6.5000000000e+02	2.5459763255e-07
6.5100000000e+02	6.4688530014e-07
6.5200000000e+02	1.6141555564e-06
6.5300000000e+02	4.8961966080e-07
6.5400000000e+02	2.5438279096e-06
6.5500000000e+02	5.7093480934e-07
6.5600000000e+02	4.5490764942e-07
6.5700000000e+02	7.4485996243e-07
6.5800000000e+02	6.0618985822e-07
6.5900000000e+02	1.4797209663e-06
6.6000000000e+02	3.5813354310e-07
6.6100000000e+02	4.2015658786e-07
6.6200000000e+02	1.7732402868e-07
6.6300000000e+02	5.6839521807e-07
6.6400000000e+02	1.2232116855e-07
6.6500000000e+02	3.8754942926e-08
6.6600000000e+02	1.2209105018e-06
6.6700000000e+02	3.0317656763e-07
6.6800000000e+02	5.1342446019e-07
6.6900000000e+02	6.1441151083e-06
6.7000000000e+02	7.5132587742e-07
6.7100000000e+02	9.3953045889e-07
6.7200000000e+02	8.9813456776e-07
6.7300000000e+02	1.5976575969e-06
6.7400000000e+02	4.3991884437e-07
6.7500000000e+02	7.6788701207e-07
6.7600000000e+02	7.8779232066e-08
6.7700000000e+02	2.6331430244e-06
6.7800000000e+02	9.2784762669e-07
6.7900000000e+02	1.0745946711e-07
6.8000000000e+02	7.0156613125e-07
6.8100000000e+02	2.2688753002e-06
6.8200000000e+02	9.6742538152e-07
6.8300000000e+02	1.3878300451e-06
6.8400000000e+02	6.4759442430e-07
6.8500000000e+02	8.4973723026e-07
6.8600000000e+02	5.1817257236e-08
6.8700000000e+02	2.3206439660e-07
6.8800000000e+02	2.8943939816e-07
6.8900000000e+02	1.3036802050e-06
6.9000000000e+02	6.5412603005e-08
6.9100000000e+02	1.5647244519e-06
6.9200000000e+02	1.6762099262e-07
6.9300000000e+02	5.2372890743e-07
6.9400000000e+02	7.9990367418e-07
6.9500000000e+02	1.9669623239e-07
6.9600000000e+02	4.2783841363e-07
6.9700000000e+02	4.3852987169e-07
6.9800000000e+02	7.6867379890e-08
6.9900000000e+02	1.3586428688e-07
7.0000000000e+02	1.8010073298e-07
7.0100000000e+02	4.2466105161e-07
7.0200000000e+02	1.4154514522e-07
7.0300000000e+02	1.5707147614e-06
7.0400000000e+02	1.4015804071e-06
7.0500000000e+02	1.0256823994e-06
7.0600000000e+02	2.2594770874e-06
7.0700000000e+02	8.3923440179e-07
7.0800000000e+02	8.6257471280e-07
7.0900000000e+02	1.8678127594e-07
7.1000000000e+02	1.1061034384e-06
7.1100000000e+02	2.0769679922e-07
7.1200000000e+02	4.3273691858e-07
7.1300000000e+02	1.1077323699e-06
7.1400000000e+02	1.8701047049e-07
7.1500000000e+02	7.9814140005e-08
7.1600000000e+02	2.1334551148e-07
7.1700000000e+02	1.0236588598e-07
7.1800000000e+02	1.0249714149e-06
7.1900000000e+02	1.4446018107e-07
7.2000000000e+02	2.1687482305e-07
7.2100000000e+02	1.0878003317e-07
7.2200000000e+02	2.8220608232e-06
7.2300000000e+02	3.0607596333e-06
7.2400000000e+02	4.3110997847e-07
7.2500000000e+02	1.5988439565e-06
7.2600000000e+02	4.0043048358e-07
7.2700000000e+02	2.4322050452e-07
7.2800000000e+02	1.3519511878e-07
7.2900000000e+02	5.8964305688e-06
7.3000000000e+02	1.5559026761e-07
7.3100000000e+02	1.4289562731e-06
7.3200000000e+02	5.3334655792e-07
7.3300000000e+02	8.9995931309e-08
7.3400000000e+02	1.0640680896e-06
7.3500000000e+02	8.1050170839e-07
7.3600000000e+02	1.3288040805e-06
7.3700000000e+02	3.3556488719e-07
7.3800000000e+02	1.8275765031e-06
7.3900000000e+02	1.0669661077e-06
7.4000000000e+02	1.3052797188e-06
7.4100000000e+02	1.0510387681e-06
7.4200000000e+02	9.6192617398e-07
7.4300000000e+02	8.1195860810e-08
7.4400000000e+02	1.3332181088e-07
7.4500000000e+02	1.6209766794e-06
7.4600000000e+02	1.3458959902e-06
7.4700000000e+02	8.7079634772e-08
7.4800000000e+02	1.5391115063e-06
7.4900000000e+02	4.8157259257e-07
7.5000000000e+02	2.6684875574e-07
7.5100000000e+02	1.9592275638e-06
7.5200000000e+02	1.1902859279e-07
7.5300000000e+02	2.5862827637e-07
7.5400000000e+02	1.0999992384e-06
7.5500000000e+02	1.6221909686e-06
7.5600000000e+02	3.8008152851e-06
7.5700000000e+02	1.3678719737e-06
7.5800000000e+02	7.2147171541e-07
7.5900000000e+02	4.9925221398e-07
7.6000000000e+02	1.4397022734e-07
7.6100000000e+02	5.6260865583e-07
7.6200000000e+02	3.3132489943e-06
7.6300000000e+02	8.5736334495e-08
7.6400000000e+02	8.2645079836e-07
7.6500000000e+02	1.0063265986e-07
7.6600000000e+02	3.6003671757e-07
7.6700000000e+02	1.1473446226e-07
7.6800000000e+02	5.9271763954e-07
7.6900000000e+02	7.5802360702e-07
7.7000000000e+02	1.4360318273e-06
7.7100000000e+02	1.0735527950e-06
7.7200000000e+02	3.4464349713e-07
7.7300000000e+02	4.6502222991e-07
7.7400000000e+02	4.4842944831e-06
7.7500000000e+02	2.4861758990e-06
7.7600000000e+02	2.9077035825e-07
7.7700000000e+02	1.4150266332e-07
7.7800000000e+02	3.6951295391e-07
7.7900000000e+02	2.2012357275e-06
7.8000000000e+02	7.3593555339e-07
7.8100000000e+02	8.8934326914e-07
7.8200000000e+02	2.2203755472e-06
7.8300000000e+02	6.9303941910e-08
7.8400000000e+02	3.8208319675e-07
7.8500000000e+02	9.5646027065e-07
7.8600000000e+02	2.4058613034e-07
7.8700000000e+02	6.3216162691e-07
7.8800000000e+02	1.5013647529e-06
7.8900000000e+02	6.0525976385e-07
7.9000000000e+02	6.3403469963e-07
7.9100000000e+02	1.8349250584e-07
7.9200000000e+02	9.4521150232e-07
7.9300000000e+02	8.1579683920e-07
7.9400000000e+02	1.0705925580e-06
7.9500000000e+02	6.1394793718e-07
7.9600000000e+02	1.3897741357e-06
7.9700000000e+02	5.7058857144e-07
7.9800000000e+02	4.5527937250e-08
7.9900000000e+02	6.2721791954e-07
8.0000000000e+02	1.0070346676e-06
8.0100000000e+02	2.4848332067e-08
8.0200000000e+02	5.9326356655e-07
8.0300000000e+02	1.9947914248e-06
8.0400000000e+02	4.4251732570e-07
8.0500000000e+02	7.4592447740e-07
8.0600000000e+02	3.0139101077e-07
8.0700000000e+02	9.2230397516e-07
8.0800000000e+02	6.8963661533e-07
8.0900000000e+02	1.8170450234e-06
8.1000000000e+02	2.3837915090e-07
8.1100000000e+02	1.2855248067e-06
8.1200000000e+02	1.9292225425e-06
8.1300000000e+02	4.6077431956e-07
8.1400000000e+02	6.8692010601e-07
8.1500000000e+02	5.2922859133e-07
8.1600000000e+02	1.5331255536e-06
8.1700000000e+02	2.3634876000e-07
8.1800000000e+02	1.0133018506e-06
8.1900000000e+02	4.3999071440e-07
8.2000000000e+02	1.6510396205e-07
8.2100000000e+02	8.7234025819e-07
8.2200000000e+02	2.1124821957e-06
8.2300000000e+02	4.9497869296e-07
8.2400000000e+02	2.2088000706e-07
8.2500000000e+02	7.3471955640e-07
8.2600000000e+02	3.9209395558e-07
8.2700000000e+02	1.0736515320e-06
8.2800000000e+02	3.6163114354e-06
8.2900000000e+02	1.3136533752e-06
8.3000000000e+02	5.2902317571e-08
8.3100000000e+02	2.2099258778e-07
8.3200000000e+02	5.9649438937e-07
8.3300000000e+02	3.7099635318e-07
8.3400000000e+02	6.3053632385e-07
8.3500000000e+02	1.5136785207e-06
8.3600000000e+02	9.9221483970e-07
8.3700000000e+02	8.6632065630e-08
8.3800000000e+02	2.9115341739e-06
8.3900000000e+02	5.8693032160e-07
8.4000000000e+02	4.2138322371e-07
8.4100000000e+02	2.1183397754e-08
8.4200000000e+02	9.4787332637e-07
8.4300000000e+02	2.0303848251e-06
8.4400000000e+02	2.5279016131e-06
8.4500000000e+02	4.0345875593e-07
8.4600000000e+02	1.0595841305e-07
8.4700000000e+02	2.6769382624e-06
8.4800000000e+02	9.0216905277e-07
8.4900000000e+02	8.8389245473e-07
8.5000000000e+02	1.0601207638e-07
8.5100000000e+02	1.4243122969e-07
8.5200000000e+02	1.1390368344e-06
8.5300000000e+02	6.2557726263e-07
8.5400000000e+02	3.6035014806e-07
8.5500000000e+02	1.4565652079e-06
8.5600000000e+02	1.9346535789e-07
8.5700000000e+02	5.2715303078e-06
8.5800000000e+02	1.1612714687e-06
8.5900000000e+02	1.2480050114e-08
8.6000000000e+02	1.4334851154e-06
8.6100000000e+02	3.9502497334e-06
8.6200000000e+02	3.9897487490e-07
8.6300000000e+02	3.9897615100e-07
8.6400000000e+02	2.2980774728e-06
8.6500000000e+02	3.9247446950e-08
8.6600000000e+02	1.0548492234e-06
8.6700000000e+02	6.4153024243e-07
8.6800000000e+02	1.2572839830e-07
8.6900000000e+02	2.1701243071e-07
8.7000000000e+02	1.0571701009e-07
8.7100000000e+02	2.9006035348e-06
8.7200000000e+02	8.9628832092e-07
8.7300000000e+02	1.1532969213e-06
8.7400000000e+02	1.8813111341e-07
8.7500000000e+02	1.8230887797e-07
8.7600000000e+02	5.0087501001e-08
8.7700000000e+02	2.1731516606e-06
8.7800000000e+02	6.3505454135e-09
8.7900000000e+02	8.9553139478e-07
8.8000000000e+02	3.4306276069e-07
8.8100000000e+02	1.6157300778e-06
8.8200000000e+02	1.7743457135e-06
8.8300000000e+02	1.9529686663e-06
8.8400000000e+02	5.0532224402e-06
8.8500000000e+02	1.9966503350e-07
8.8600000000e+02	9.9778749809e-07
8.8700000000e+02	1.8449280465e-06
8.8800000000e+02	2.4986825991e-06
8.8900000000e+02	1.0783053191e-06
8.9000000000e+02	6.9163878921e-08
8.9100000000e+02	2.1531649835e-07
8.9200000000e+02	8.4773029237e-08
8.9300000000e+02	7.5213022686e-07
8.9400000000e+02	1.5619658921e-06
8.9500000000e+02	2.4424485817e-06
8.9600000000e+02	1.7995601223e-07
8.9700000000e+02	2.3702047809e-07
8.9800000000e+02	4.8354627859e-08
8.9900000000e+02	2.2636410375e-06
9.0000000000e+02	1.9027175167e-06
9.0100000000e+02	2.6989568127e-06
9.0200000000e+02	1.3612588938e-08
9.0300000000e+02	5.9533922867e-07
9.0400000000e+02	8.4214561059e-07
9.0500000000e+02	7.4114749170e-08
9.0600000000e+02	1.9831167357e-08
9.0700000000e+02	1.1150420501e-06
9.0800000000e+02	6.1085784459e-07
9.0900000000e+02	4.9503078914e-07
9.1000000000e+02	1.0208223027e-06
9.1100000000e+02	1.9061075387e-07
9.1200000000e+02	1.4175178945e-06
9.1300000000e+02	9.1748225012e-07
9.1400000000e+02	4.4832330839e-06
9.1500000000e+02	9.9628956868e-08
9.1600000000e+02	3.2590841147e-07
9.1700000000e+02	7.0192487688e-07
9.1800000000e+02	1.2595916669e-06
9.1900000000e+02	1.4693159809e-06
9.2000000000e+02	5.2315196919e-06
9.2100000000e+02	1.9139408069e-06
9.2200000000e+02	5.4098394345e-07
9.2300000000e+02	7.2973978676e-07
9.2400000000e+02	8.5362782745e-07
9.2500000000e+02	3.0074764448e-07
9.2600000000e+02	1.7552120261e-06
9.2700000000e+02	3.2889060951e-07
9.2800000000e+02	7.1186482502e-07
9.2900000000e+02	3.5917201426e-07
9.3000000000e+02	8.5948950897e-07
9.3100000000e+02	7.9986369602e-06
9.3200000000e+02	4.7355873301e-07
9.3300000000e+02	1.5461543600e-06
9.3400000000e+02	4.5258038673e-07
9.3500000000e+02	2.4001787457e-07
9.3600000000e+02	1.5825130837e-07
9.3700000000e+02	4.9008564672e-07
9.3800000000e+02	1.7767209737e-06
9.3900000000e+02	7.8369909640e-07
9.4000000000e+02	7.1056635943e-07
9.4100000000e+02	2.6976661298e-06
9.4200000000e+02	1.7386427506e-06
9.4300000000e+02	1.2191371471e-06
9.4400000000e+02	1.2029954320e-06
9.4500000000e+02	4.1961584218e-07
9.4600000000e+02	9.2430905139e-07
9.4700000000e+02	6.5910821457e-07
9.4800000000e+02	3.5716690703e-07
9.4900000000e+02	3.8924813750e-07
9.5000000000e+02	9.4544701606e-07
9.5100000000e+02	9.6716846306e-07
9.5200000000e+02	3.5568941478e-06
9.5300000000e+02	1.0465092059e-06
9.5400000000e+02	1.1489295930e-06
9.5500000000e+02	1.2003780634e-07
9.5600000000e+02	1.6844061178e-07
9.5700000000e+02	2.0853639816e-07
9.5800000000e+02	1.5278391231e-06
9.5900000000e+02	1.0756333717e-06
9.6000000000e+02	8.1028791181e-07
9.6100000000e+02	2.1227263166e-07
9.6200000000e+02	3.5729111270e-07
9.6300000000e+02	1.7685282064e-07
9.6400000000e+02	2.6750424315e-06
9.6500000000e+02	1.0704014382e-07
9.6600000000e+02	2.2161183399e-08
9.6700000000e+02	2.1065786956e-06
9.6800000000e+02	3.4237690218e-08
9.6900000000e+02	8.7391908171e-07
9.7000000000e+02	4.1177497494e-08
9.7100000000e+02	2.6903695804e-06
9.7200000000e+02	5.3955335213e-08
9.7300000000e+02	1.8405028619e-06
9.7400000000e+02	2.2299058376e-06
9.7500000000e+02	6.6783131142e-07
9.7600000000e+02	1.9536533806e-07
9.7700000000e+02	6.8427818234e-07
9.7800000000e+02	3.9568898291e-07
9.7900000000e+02	1.6616807260e-06
9.8000000000e+02	1.1905879174e-06
9.8100000000e+02	6.5610508856e-07
9.8200000000e+02	1.2518107837e-06
9.8300000000e+02	1.8823879504e-06
9.8400000000e+02	1.6534557601e-07
9.8500000000e+02	8.8692760480e-07
9.8600000000e+02	6.5120915858e-07
9.8700000000e+02	5.9647902263e-07
9.8800000000e+02	1.7283042131e-07
9.8900000000e+02	4.8499443326e-06
9.9000000000e+02	1.4118768193e-06
9.9100000000e+02	2.2101081776e-06
9.9200000000e+02	1.6082947163e-08
9.9300000000e+02	2.1902336043e-06
9.9400000000e+02	1.8696666475e-07
9.9500000000e+02	5.9303332502e-07
9.9600000000e+02	9.7166548535e-08
9.9700000000e+02	9.3098828657e-07
9.9800000000e+02	1.7455045848e-06
9.9900000000e+02	3.3346762127e-06
1.0000000000e+03	3.4811337825e-06
1.0010000000e+03	8.9661594162e-07
1.0020000000e+03	2.9222018474e-07
1.0030000000e+03	5.4378437249e-07
1.0040000000e+03	1.5726353831e-07
1.0050000000e+03	2.6116100629e-06
1.0060000000e+03	3.9387335587e-06
1.0070000000e+03	4.9331238288e-07
1.0080000000e+03	8.1489657248e-07
1.0090000000e+03	1.0392938128e-06
1.0100000000e+03	5.9428106650e-07
1.0110000000e+03	2.5255951865e-07
1.0120000000e+03	4.5179506614e-07
1.0130000000e+03	1.0031860203e-07
1.0140000000e+03	6.0722331740e-07
1.0150000000e+03	1.6200560352e-07
1.0160000000e+03	3.7189256736e-07
1.0170000000e+03	2.7676240971e-07
1.0180000000e+03	2.7226322375e-06
1.0190000000e+03	5.6283516926e-07
1.0200000000e+03	2.0640626946e-06
1.0210000000e+03	4.0437182439e-08
1.0220000000e+03	2.5363737469e-07
1.0230000000e+03	8.2254547746e-08
1.0240000000e+03	1.7065870980e-07
1.0250000000e+03	5.7286773532e-07
1.0260000000e+03	1.7200876355e-07
1.0270000000e+03	2.9075660880e-06
1.0280000000e+03	9.1506376105e-07
1.0290000000e+03	1.6107238688e-06
1.0300000000e+03	5.2150836230e-06
1.0310000000e+03	4.6356936138e-07
1.0320000000e+03	1.1755011318e-07
1.0330000000e+03	4.4050241547e-07
1.0340000000e+03	1.1678265977e-06
1.0350000000e+03	1.1569312497e-06
1.0360000000e+03	1.6362673304e-07
1.0370000000e+03	3.6230027725e-06
1.0380000000e+03	9.8365442447e-07
1.0390000000e+03	8.5730576226e-07
1.0400000000e+03	1.2192611065e-07
1.0410000000e+03	5.6833671248e-07
1.0420000000e+03	2.4600814714e-08
1.0430000000e+03	3.9264081448e-07
1.0440000000e+03	3.8367822488e-06
1.0450000000e+03	6.3306186356e-07
1.0460000000e+03	2.2852335655e-06
1.0470000000e+03	2.2919146052e-06
1.0480000000e+03	2.1249161182e-07
1.0490000000e+03	1.3921921510e-07
1.0500000000e+03	1.0780393494e-06
1.0510000000e+03	8.0322006127e-07
1.0520000000e+03	1.6361945143e-06
1.0530000000e+03	2.1839204287e-06
1.0540000000e+03	4.0784899506e-06
1.0550000000e+03	6.3273434158e-07
1.0560000000e+03	1.4607730926e-06
1.0570000000e+03	1.7047481803e-07
1.0580000000e+03	6.7746063769e-07
1.0590000000e+03	4.3268972002e-06
1.0600000000e+03	5.9238640333e-07
1.0610000000e+03	1.1833935496e-06
1.0620000000e+03	6.5678076088e-07
1.0630000000e+03	6.5282580699e-07
1.0640000000e+03	1.0277144465e-07
1.0650000000e+03	1.1044247464e-07
1.0660000000e+03	5.9994891994e-07
1.0670000000e+03	7.4770989547e-07
1.0680000000e+03	6.2792638695e-07
1.0690000000e+03	7.9555833090e-07
1.0700000000e+03	9.5937793853e-07
1.0710000000e+03	1.1768859899e-07
1.0720000000e+03	1.6452115321e-06
1.0730000000e+03	2.0631035919e-06
1.0740000000e+03	1.0762759078e-06
1.0750000000e+03	6.3356278045e-07
1.0760000000e+03	4.5788502381e-07
1.0770000000e+03	8.4251311175e-08
1.0780000000e+03	1.9281876867e-07
1.0790000000e+03	8.9700711967e-07
1.0800000000e+03	1.4260915058e-06
1.0810000000e+03	3.2544121539e-06
1.0820000000e+03	1.4988396101e-06
1.0830000000e+03	1.1251004016e-06
1.0840000000e+03	9.9863294717e-08
1.0850000000e+03	2.8922087502e-06
1.0860000000e+03	9.4141936947e-07
1.0870000000e+03	6.5731953895e-08
1.0880000000e+03	4.9858278904e-07
1.0890000000e+03	6.8237160234e-08
1.0900000000e+03	1.6154660578e-06
1.0910000000e+03	2.3115528960e-06
1.0920000000e+03	9.1400349265e-07
1.0930000000e+03	1.1285360844e-06
1.0940000000e+03	5.6407584892e-07
1.0950000000e+03	8.0217359757e-07
1.0960000000e+03	1.5904139219e-06
1.0970000000e+03	1.8308917076e-07
1.0980000000e+03	3.8734863351e-06
1.0990000000e+03	2.3832761948e-07
1.1000000000e+03	5.2887305734e-08
1.1010000000e+03	9.1665885625e-07
1.1020000000e+03	4.4292695308e-06
1.1030000000e+03	1.7549474528e-07
1.1040000000e+03	1.2811144643e-07
1.1050000000e+03	3.5998195545e-06
1.1060000000e+03	3.7148765106e-06
1.1070000000e+03	1.3923950534e-06
1.1080000000e+03	6.8969076123e-07
1.1090000000e+03	6.6222424671e-07
1.1100000000e+03	2.2306243116e-07
1.1110000000e+03	1.3253598811e-06
1.1120000000e+03	2.9177881807e-06
1.1130000000e+03	1.5898189889e-06
1.1140000000e+03	1.6170463205e-08
1.1150000000e+03	1.3222589489e-06
1.1160000000e+03	9.6164086742e-08
1.1170000000e+03	5.8160499904e-07
1.1180000000e+03	1.4707455494e-06
1.1190000000e+03	1.9906322580e-06
1.1200000000e+03	1.3063016977e-06
1.1210000000e+03	5.4448950808e-07
1.1220000000e+03	5.6327033261e-07
1.1230000000e+03	6.1484481075e-08
1.1240000000e+03	1.9920837499e-06
1.1250000000e+03	1.3891868536e-06
1.1260000000e+03	8.3083047200e-07
1.1270000000e+03	8.6111943612e-08
1.1280000000e+03	9.6802499906e-07
1.1290000000e+03	1.5698439094e-06
1.1300000000e+03	1.1934109278e-06
1.1310000000e+03	2.7586664664e-07
1.1320000000e+03	2.2897792408e-07
1.1330000000e+03	1.0664416704e-08
1.1340000000e+03	7.6333599557e-07
1.1350000000e+03	6.4800125548e-07
1.1360000000e+03	9.6360665762e-07
1.1370000000e+03	4.8442228875e-08
1.1380000000e+03	1.6092049674e-06
1.1390000000e+03	2.5397120124e-07
1.1400000000e+03	2.0156217832e-06
1.1410000000e+03	1.0376880963e-06
1.1420000000e+03	1.3754089137e-07
1.1430000000e+03	1.2343752969e-06
1.1440000000e+03	1.3538487591e-06
1.1450000000e+03	1.7300622456e-06
1.1460000000e+03	6.3968276309e-07
1.1470000000e+03	1.8170772632e-07
1.1480000000e+03	6.0108697177e-07
1.1490000000e+03	7.9468026441e-07
1.1500000000e+03	5.6900448429e-08
1.1510000000e+03	2.3622286326e-06
1.1520000000e+03	2.9592088048e-06
1.1530000000e+03	1.2576605138e-07
1.1540000000e+03	1.2900848662e-07
1.1550000000e+03	1.0409953312e-06
1.1560000000e+03	1.4742860192e-06
1.1570000000e+03	4.7866748535e-07
1.1580000000e+03	3.0899854899e-07
1.1590000000e+03	2.7246584859e-07
1.1600000000e+03	7.3099283222e-08
1.1610000000e+03	1.6307658499e-06
1.1620000000e+03	2.6990218799e-07
1.1630000000e+03	6.3646162905e-07
1.1640000000e+03	2.5188005264e-07
1.1650000000e+03	4.4172807623e-07
1.1660000000e+03	3.4409705881e-07
1.1670000000e+03	4.7957672728e-07
1.1680000000e+03	1.5573220402e-06
1.1690000000e+03	1.1936537525e-06
1.1700000000e+03	1.3920488293e-06
1.1710000000e+03	3.7404903306e-07
1.1720000000e+03	1.0525474897e-06
1.1730000000e+03	7.0714342272e-08
1.1740000000e+03	4.1719048718e-07
1.1750000000e+03	8.6041537528e-07
1.1760000000e+03	5.9637348402e-08
1.1770000000e+03	6.4304826426e-07
1.1780000000e+03	1.3436560101e-07
1.1790000000e+03	4.2082907768e-08
1.1800000000e+03	1.7672142530e-06
1.1810000000e+03	2.4874264639e-06
1.1820000000e+03	2.9171863797e-07
1.1830000000e+03	2.1292367631e-06
1.1840000000e+03	3.5570220040e-08
1.1850000000e+03	1.4099816125e-06
1.1860000000e+03	1.1879663525e-06
1.1870000000e+03	7.4790542644e-07
1.1880000000e+03	4.2592359949e-07
1.1890000000e+03	1.4735481434e-06
1.1900000000e+03	1.8818251909e-06
1.1910000000e+03	1.3864578179e-06
1.1920000000e+03	6.3300118319e-07
1.1930000000e+03	2.0825075584e-07
1.1940000000e+03	1.3296392826e-06
1.1950000000e+03	2.9164849945e-06
1.1960000000e+03	6.1391570267e-07
1.1970000000e+03	2.5262001757e-07
1.1980000000e+03	1.3367972146e-07
1.1990000000e+03	1.9380467489e-06
1.2000000000e+03	4.0544961944e-06
1.2010000000e+03	9.3443955903e-07
1.2020000000e+03	1.2099258146e-06
1.2030000000e+03	5.8273105268e-07
1.2040000000e+03	4.3614041847e-07
1.2050000000e+03	1.3307146840e-06
1.2060000000e+03	2.5510398547e-07
1.2070000000e+03	1.5331323761e-06
1.2080000000e+03	1.1915226956e-06
1.2090000000e+03	6.9068280271e-07
1.2100000000e+03	1.0693289560e-06
1.2110000000e+03	4.0685033159e-06
1.2120000000e+03	9.9313640317e-07
1.2130000000e+03	8.0205673049e-07
1.2140000000e+03	1.4675934606e-06
1.2150000000e+03	2.1822806975e-06
1.2160000000e+03	2.8792494658e-06
1.2170000000e+03	9.6446890254e-07
1.2180000000e+03	1.3097469990e-06
1.2190000000e+03	1.2076348996e-06
1.2200000000e+03	6.1323004781e-07
1.2210000000e+03	2.4646316163e-06
1.2220000000e+03	1.1398390816e-07
1.2230000000e+03	6.6398539052e-07
1.2240000000e+03	4.1032149421e-07
1.2250000000e+03	3.8651683922e-07
1.2260000000e+03	2.3660247569e-08
1.2270000000e+03	5.3805138362e-07
1.2280000000e+03	2.5229706166e-06
1.2290000000e+03	2.3077598472e-06
1.2300000000e+03	9.2860905045e-07
1.2310000000e+03	1.3528279101e-08
1.2320000000e+03	1.3093647141e-06
1.2330000000e+03	1.0592336829e-06
1.2340000000e+03	1.5570419644e-06
1.2350000000e+03	9.2988607513e-07
1.2360000000e+03	1.3505591716e-07
1.2370000000e+03	2.4150671647e-06
1.2380000000e+03	9.9923004888e-07
1.2390000000e+03	2.2036278467e-06
1.2400000000e+03	6.4187441847e-07
1.2410000000e+03	6.1212266508e-08
1.2420000000e+03	1.2819666863e-06
1.2430000000e+03	8.7289707731e-08
1.2440000000e+03	2.3674394980e-07
1.2450000000e+03	9.0581099519e-07
1.2460000000e+03	6.2382824349e-07
1.2470000000e+03	4.2481438552e-07
1.2480000000e+03	2.4708396246e-06
1.2490000000e+03	1.1965874099e-06
1.2500000000e+03	5.0816814301e-07
1.2510000000e+03	1.7947562464e-07
1.2520000000e+03	7.3984847499e-07
1.2530000000e+03	1.1799574699e-06
1.2540000000e+03	1.1271498722e-06
1.2550000000e+03	8.0008872151e-07
1.2560000000e+03	8.0869774623e-09
1.2570000000e+03	3.0115174470e-06
1.2580000000e+03	1.5967812173e-06
1.2590000000e+03	1.7835434715e-06
1.2600000000e+03	1.3524127044e-07
1.2610000000e+03	1.3890279282e-06
1.2620000000e+03	2.2171355217e-07
1.2630000000e+03	3.8585506248e-07
1.2640000000e+03	2.7887638343e-07
1.2650000000e+03	1.8868401245e-06
1.2660000000e+03	7.0582214324e-07
1.2670000000e+03	1.3028456637e-06
1.2680000000e+03	9.0328808697e-07
1.2690000000e+03	4.1267392664e-07
1.2700000000e+03	7.9120509352e-08
1.2710000000e+03	1.0990801325e-08
1.2720000000e+03	3.8319403357e-07
1.2730000000e+03	1.0038165535e-06
1.2740000000e+03	7.0869328335e-07
1.2750000000e+03	1.5062938568e-06
1.2760000000e+03	3.7229242053e-07
1.2770000000e+03	3.6669631292e-07
1.2780000000e+03	1.8832302904e-07
1.2790000000e+03	2.7947641514e-07
1.2800000000e+03	8.2043465044e-07
1.2810000000e+03	3.5995923622e-07
1.2820000000e+03	9.9358199043e-07
1.2830000000e+03	6.2828413133e-07
1.2840000000e+03	3.8580558670e-06
1.2850000000e+03	9.7093652702e-08
1.2860000000e+03	5.2257539160e-07
1.2870000000e+03	1.5242781557e-06
1.2880000000e+03	1.2758600285e-06
1.2890000000e+03	2.8860718621e-06
1.2900000000e+03	1.4055120295e-06
1.2910000000e+03	8.1109565118e-08
1.2920000000e+03	1.8038531877e-06
1.2930000000e+03	4.7920483392e-07
1.2940000000e+03	6.0459126438e-07
1.2950000000e+03	3.3357423233e-06
1.2960000000e+03	3.5877577287e-07
1.2970000000e+03	7.5788474124e-07
1.2980000000e+03	9.6233824624e-07
1.2990000000e+03	2.4755370737e-07
1.3000000000e+03	1.7416487078e-07
1.3010000000e+03	1.1915243833e-06
1.3020000000e+03	1.2678478011e-06
1.3030000000e+03	1.9859314053e-07
1.3040000000e+03	4.2611131749e-09
1.3050000000e+03	1.0427829801e-06
1.3060000000e+03	1.6648524978e-07
1.3070000000e+03	6.1585917941e-07
1.3080000000e+03	2.6374347935e-06
1.3090000000e+03	2.5018294607e-07
1.3100000000e+03	2.2035007707e-06
1.3110000000e+03	6.8466807267e-08
1.3120000000e+03	1.1643889172e-07
1.3130000000e+03	4.1814200995e-07
1.3140000000e+03	1.0275679966e-06
1.3150000000e+03	1.5933355489e-06
1.3160000000e+03	9.2806026893e-07
1.3170000000e+03	6.3139496793e-07
1.3180000000e+03	1.6683316956e-06
1.3190000000e+03	9.3670826036e-09
1.3200000000e+03	2.3444468612e-07
1.3210000000e+03	8.5020846940e-08
1.3220000000e+03	1.4812053988e-06
1.3230000000e+03	9.1988467429e-07
1.3240000000e+03	2.5899283062e-06
1.3250000000e+03	8.1025131624e-07
1.3260000000e+03	1.2179033911e-07
1.3270000000e+03	1.4163787006e-06
1.3280000000e+03	1.6639013541e-06
1.3290000000e+03	3.6512645205e-07
1.3300000000e+03	7.6219382196e-08
1.3310000000e+03	1.3642644791e-07
1.3320000000e+03	2.4549662689e-06
1.3330000000e+03	1.6445860022e-06
1.3340000000e+03	5.0818365099e-08
1.3350000000e+03	1.4978774456e-06
1.3360000000e+03	8.1598851935e-07
1.3370000000e+03	3.7595503973e-07
1.3380000000e+03	1.1058849209e-07
1.3390000000e+03	9.4784499127e-07
1.3400000000e+03	3.2541433841e-06
1.3410000000e+03	1.2168063287e-06
1.3420000000e+03	1.2374182024e-06
1.3430000000e+03	7.8830042154e-07
1.3440000000e+03	2.1778202308e-06
1.3450000000e+03	1.5882136754e-06
1.3460000000e+03	1.1955051912e-06
1.3470000000e+03	8.0900152774e-07
1.3480000000e+03	1.0613600791e-07
1.3490000000e+03	5.6650972405e-07
1.3500000000e+03	5.7471985966e-08
1.3510000000e+03	5.9963641572e-07
1.3520000000e+03	1.8163556789e-06
1.3530000000e+03	2.3471492984e-07
1.3540000000e+03	6.2898542764e-07
1.3550000000e+03	9.1508326220e-08
1.3560000000e+03	1.5413041751e-07
1.3570000000e+03	5.9004162612e-07
1.3580000000e+03	1.0886057133e-06
1.3590000000e+03	1.4992550770e-07
1.3600000000e+03	3.1101642249e-06
1.3610000000e+03	4.6188635065e-07
1.3620000000e+03	2.5112871878e-07
1.3630000000e+03	3.7914418611e-07
1.3640000000e+03	1.9387802994e-06
1.3650000000e+03	1.6882777206e-06
1.3660000000e+03	1.2183440227e-07
1.3670000000e+03	4.8290379968e-07
1.3680000000e+03	1.1199601774e-06
1.3690000000e+03	1.8582714347e-08
1.3700000000e+03	1.1996470227e-06
1.3710000000e+03	2.6024382156e-07
1.3720000000e+03	3.4032788951e-07
1.3730000000e+03	5.9572538352e-07
1.3740000000e+03	1.2683459682e-06
1.3750000000e+03	8.1898125665e-07
1.3760000000e+03	2.2303758500e-06
1.3770000000e+03	5.7427525644e-07
1.3780000000e+03	3.5010957959e-07
1.3790000000e+03	2.4152429342e-06
1.3800000000e+03	1.3347356988e-06
1.3810000000e+03	1.7156397367e-06
1.3820000000e+03	2.8688469225e-06
1.3830000000e+03	3.2664449309e-06
1.3840000000e+03	3.4047193086e-07
1.3850000000e+03	4.1785571496e-07
1.3860000000e+03	2.8502694105e-08
1.3870000000e+03	2.8618778719e-07
1.3880000000e+03	1.3407721364e-07
1.3890000000e+03	3.1303570699e-06
1.3900000000e+03	6.9328228669e-07
1.3910000000e+03	5.5166121767e-07
1.3920000000e+03	1.3706244351e-07
1.3930000000e+03	1.5456726641e-07
1.3940000000e+03	1.6064888721e-07
1.3950000000e+03	3.2914989157e-06
1.3960000000e+03	6.6179704352e-07
1.3970000000e+03	6.8489270483e-07
1.3980000000e+03	7.5093575503e-07
1.3990000000e+03	3.5496309262e-06
1.4000000000e+03	3.0348258854e-06
1.4010000000e+03	5.2769754870e-07
1.4020000000e+03	5.3251153320e-07
1.4030000000e+03	1.8897694765e-06
1.4040000000e+03	1.6060257132e-06
1.4050000000e+03	4.3410559582e-07
1.4060000000e+03	1.1598832569e-06
1.4070000000e+03	1.0681310942e-06
1.4080000000e+03	1.1472582800e-06
1.4090000000e+03	3.6047544228e-07
1.4100000000e+03	8.0743844677e-07
1.4110000000e+03	2.9095387116e-07
1.4120000000e+03	3.0400707171e-07
1.4130000000e+03	1.3058180185e-06
1.4140000000e+03	4.7295789035e-07
1.4150000000e+03	9.9086779393e-07
1.4160000000e+03	8.7714445413e-06
1.4170000000e+03	2.5012140197e-07
1.4180000000e+03	1.9629733574e-06
1.4190000000e+03	2.3825842688e-06
1.4200000000e+03	1.0079155549e-06
1.4210000000e+03	6.8720602337e-07
1.4220000000e+03	1.3220773647e-06
1.4230000000e+03	6.8118692419e-07
1.4240000000e+03	2.6199370449e-08
1.4250000000e+03	1.5360804665e-06
1.4260000000e+03	4.6825715897e-07
1.4270000000e+03	1.8127029749e-06
1.4280000000e+03	1.0143555915e-06
1.4290000000e+03	3.2141642471e-07
1.4300000000e+03	1.0587861545e-06
1.4310000000e+03	7.3205706267e-07
1.4320000000e+03	2.1525197894e-07
1.4330000000e+03	1.8514323220e-07
1.4340000000e+03	1.7493132158e-06
1.4350000000e+03	3.5426608808e-06
1.4360000000e+03	9.7019955288e-07
1.4370000000e+03	8.4946394356e-07
1.4380000000e+03	5.2207269608e-07
1.4390000000e+03	6.0242190445e-08
1.4400000000e+03	4.2482285101e-06
1.4410000000e+03	1.3663314508e-06
1.4420000000e+03	2.2807085246e-07
1.4430000000e+03	1.2921759482e-06
1.4440000000e+03	3.0080996588e-07
1.4450000000e+03	1.5746633990e-07
1.4460000000e+03	1.1255602363e-06
1.4470000000e+03	4.9784597512e-07
1.4480000000e+03	9.9545321245e-08
1.4490000000e+03	1.8154940090e-06
1.4500000000e+03	1.3851938515e-06
1.4510000000e+03	6.5671494681e-07
1.4520000000e+03	6.3517564680e-07
1.4530000000e+03	1.5344821054e-06
1.4540000000e+03	2.6936780642e-07
1.4550000000e+03	3.0167956979e-07
1.4560000000e+03	1.5245250040e-06
1.4570000000e+03	1.2442023077e-06
1.4580000000e+03	9.2370299344e-07
1.4590000000e+03	2.4862794297e-07
1.4600000000e+03	2.8931203005e-06
1.4610000000e+03	1.3754384582e-06
1.4620000000e+03	1.0622846295e-06
1.4630000000e+03	3.9030239147e-07
1.4640000000e+03	1.1098832205e-06
1.4650000000e+03	2.9869623594e-06
1.4660000000e+03	2.9461652750e-07
1.4670000000e+03	1.1391129804e-07
1.4680000000e+03	2.2306766094e-06
1.4690000000e+03	1.2132849478e-08
1.4700000000e+03	1.3724870973e-06
1.4710000000e+03	8.6758736664e-07
1.4720000000e+03	2.1969515219e-07
1.4730000000e+03	1.3049216157e-07
1.4740000000e+03	2.2322116149e-07
1.4750000000e+03	4.3030530226e-06
1.4760000000e+03	1.4596403595e-06
1.4770000000e+03	1.3207388111e-07
1.4780000000e+03	5.2597687261e-07
1.4790000000e+03	3.3602068976e-06
1.4800000000e+03	1.3453914790e-06
1.4810000000e+03	2.6707849191e-08
1.4820000000e+03	6.6244095488e-07
1.4830000000e+03	1.7051359381e-06
1.4840000000e+03	5.4923187394e-07
1.4850000000e+03	4.2834925933e-07
1.4860000000e+03	3.2768734973e-06
1.4870000000e+03	1.0973964814e-07
1.4880000000e+03	1.7458134554e-06
1.4890000000e+03	3.5452611729e-07
1.4900000000e+03	1.2130936693e-08
1.4910000000e+03	2.3947227972e-06
1.4920000000e+03	1.4092508562e-06
1.4930000000e+03	1.8640487833e-06
1.4940000000e+03	1.3632485256e-06
1.4950000000e+03	8.8949385825e-08
1.4960000000e+03	2.1517751429e-06
1.4970000000e+03	3.2983491470e-07
1.4980000000e+03	8.9825401728e-07
1.4990000000e+03	8.2179455186e-07
1.5000000000e+03	2.2830659624e-07
1.5010000000e+03	2.1677535346e-06
1.5020000000e+03	1.5926747619e-07
1.5030000000e+03	1.9861558982e-07
1.5040000000e+03	2.9525810359e-06
1.5050000000e+03	1.0489066101e-07
1.5060000000e+03	6.5791478459e-07
1.5070000000e+03	6.1579198573e-06
1.5080000000e+03	1.0674968281e-06
1.5090000000e+03	1.1855880151e-06
1.5100000000e+03	2.7498834919e-07
1.5110000000e+03	1.3503626299e-06
1.5120000000e+03	3.5323331880e-08
1.5130000000e+03	4.0999189167e-06
1.5140000000e+03	1.2815035642e-06
1.5150000000e+03	9.1288603992e-07
1.5160000000e+03	9.1165391192e-08
1.5170000000e+03	1.0570738060e-06
1.5180000000e+03	5.7929876153e-07
1.5190000000e+03	1.2638189680e-06
1.5200000000e+03	7.8234644594e-07
1.5210000000e+03	1.0875180547e-06
1.5220000000e+03	8.0097864185e-07
1.5230000000e+03	1.5180537944e-06
1.5240000000e+03	7.5958120612e-07
1.5250000000e+03	1.6108193223e-06
1.5260000000e+03	2.5916462068e-06
1.5270000000e+03	4.5869972281e-06
1.5280000000e+03	6.3717573184e-07
1.5290000000e+03	6.4809539968e-07
1.5300000000e+03	1.6315401244e-06
1.5310000000e+03	1.7591438750e-06
1.5320000000e+03	6.4470605079e-07
1.5330000000e+03	4.2501649100e-06
1.5340000000e+03	2.9251444628e-07
1.5350000000e+03	5.0200719586e-07
1.5360000000e+03	4.4546922410e-08
1.5370000000e+03	5.6194298874e-07
1.5380000000e+03	3.9420707266e-08
1.5390000000e+03	8.7676671172e-07
1.5400000000e+03	2.1480897343e-07
1.5410000000e+03	5.7383669663e-08
1.5420000000e+03	4.1865651267e-07
1.5430000000e+03	3.0331800188e-07
1.5440000000e+03	8.2661432380e-07
1.5450000000e+03	8.7137239847e-07
1.5460000000e+03	1.7320418375e-06
1.5470000000e+03	4.8898956959e-08
1.5480000000e+03	4.4996071399e-07
1.5490000000e+03	1.4114194418e-06
1.5500000000e+03	1.1735979184e-06
1.5510000000e+03	1.4116009811e-07
1.5520000000e+03	8.9752972671e-08
1.5530000000e+03	3.7618007168e-07
1.5540000000e+03	4.6407856007e-07
1.5550000000e+03	2.8915111287e-06
1.5560000000e+03	6.5331161320e-07
1.5570000000e+03	7.0933771689e-07
1.5580000000e+03	5.2263777759e-07
1.5590000000e+03	4.2087074794e-07
1.5600000000e+03	3.9723657112e-07
1.5610000000e+03	1.6351649458e-07
1.5620000000e+03	1.3684757577e-06
1.5630000000e+03	2.9206059837e-07
1.5640000000e+03	1.4361041814e-06
1.5650000000e+03	2.5076617153e-06
1.5660000000e+03	1.3639006555e-06
1.5670000000e+03	1.7082238973e-06
1.5680000000e+03	6.4677673872e-07
1.5690000000e+03	2.3774352480e-07
1.5700000000e+03	5.5937508003e-09
1.5710000000e+03	2.3462394358e-06
1.5720000000e+03	1.6880417100e-07
1.5730000000e+03	1.5469282030e-06
1.5740000000e+03	5.2719931500e-07
1.5750000000e+03	6.8920523717e-08
1.5760000000e+03	1.1372063880e-06
1.5770000000e+03	3.9327538561e-07
1.5780000000e+03	1.7105740603e-07
1.5790000000e+03	2.3845670867e-06
1.5800000000e+03	1.4914529810e-06
1.5810000000e+03	1.5780330012e-07
1.5820000000e+03	5.2874048545e-07
1.5830000000e+03	7.7791584539e-08
1.5840000000e+03	1.2157912168e-06
1.5850000000e+03	9.3674921059e-08
1.5860000000e+03	7.1713658597e-09
1.5870000000e+03	4.7431877161e-08
1.5880000000e+03	1.0238255673e-06
1.5890000000e+03	1.7894636695e-07
1.5900000000e+03	2.6625046657e-06
1.5910000000e+03	2.5115090324e-07
1.5920000000e+03	3.6183670100e-08
1.5930000000e+03	1.1287885990e-06
1.5940000000e+03	1.5225701910e-06
1.5950000000e+03	2.5159597835e-07
1.5960000000e+03	4.9825760973e-07
1.5970000000e+03	1.4501736705e-07
1.5980000000e+03	4.0057655401e-07
1.5990000000e+03	9.8799390767e-07
1.6000000000e+03	4.1061403524e-07
1.6010000000e+03	1.0343636373e-06
1.6020000000e+03	1.3336648908e-07
1.6030000000e+03	2.9001676906e-08
1.6040000000e+03	1.0515035279e-06
1.6050000000e+03	1.6824109940e-06
1.6060000000e+03	1.9706537621e-08
1.6070000000e+03	2.2074115532e-06
1.6080000000e+03	1.7192561426e-06
1.6090000000e+03	8.7715513479e-07
1.6100000000e+03	1.1218995142e-06
1.6110000000e+03	6.7575077048e-07
1.6120000000e+03	6.4515411000e-08
1.6130000000e+03	1.7700980322e-06
1.6140000000e+03	5.8214717622e-07
1.6150000000e+03	6.6398894406e-07
1.6160000000e+03	6.5179353493e-07
1.6170000000e+03	1.1442823371e-06
1.6180000000e+03	3.4837249881e-07
1.6190000000e+03	2.4907612722e-06
1.6200000000e+03	3.3617919611e-06
1.6210000000e+03	2.3277496424e-06
1.6220000000e+03	9.1522261830e-07
1.6230000000e+03	1.1344304969e-06
1.6240000000e+03	1.5894892187e-06
1.6250000000e+03	1.2590861505e-07
1.6260000000e+03	5.0368102176e-07
1.6270000000e+03	1.4556543492e-06
1.6280000000e+03	1.7681515032e-06
1.6290000000e+03	1.6984640015e-07
1.6300000000e+03	3.4967121962e-06
1.6310000000e+03	1.7978729920e-06
1.6320000000e+03	1.9426613692e-07
1.6330000000e+03	8.1070841853e-07
1.6340000000e+03	2.4430458502e-06
1.6350000000e+03	4.9850313924e-08
1.6360000000e+03	4.1752984822e-07
1.6370000000e+03	2.6470922488e-06
1.6380000000e+03	4.8941142902e-07
1.6390000000e+03	8.4006355451e-07
1.6400000000e+03	2.7153703543e-07
1.6410000000e+03	1.5287726692e-06
1.6420000000e+03	1.9357924180e-07
1.6430000000e+03	1.0507709826e-06
1.6440000000e+03	1.1650270409e-06
1.6450000000e+03	2.7173789410e-07
1.6460000000e+03	4.3153656400e-08
1.6470000000e+03	1.8576378032e-06
1.6480000000e+03	7.7143717623e-07
1.6490000000e+03	9.0595980624e-07
1.6500000000e+03	1.0234558193e-06
1.6510000000e+03	1.1564399052e-06
1.6520000000e+03	1.4293702101e-06
1.6530000000e+03	6.5371467603e-07
1.6540000000e+03	3.6902424279e-06
1.6550000000e+03	1.2211224922e-06
1.6560000000e+03	7.0450946152e-07
1.6570000000e+03	5.5908745816e-07
1.6580000000e+03	7.0744967486e-07
1.6590000000e+03	1.1813151923e-06
1.6600000000e+03	2.1273139171e-07
1.6610000000e+03	2.8653384708e-08
1.6620000000e+03	5.6694785139e-07
1.6630000000e+03	6.8026168729e-07
1.6640000000e+03	2.2004493527e-06
1.6650000000e+03	9.3530276315e-07
1.6660000000e+03	2.5071733582e-07
1.6670000000e+03	1.5031389727e-07
1.6680000000e+03	1.2727051370e-06
1.6690000000e+03	2.4324713813e-06
1.6700000000e+03	2.6255447738e-07
1.6710000000e+03	2.2150631632e-07
1.6720000000e+03	2.8712123580e-06
1.6730000000e+03	1.2916211779e-06
1.6740000000e+03	3.3049462529e-07
1.6750000000e+03	1.8256587636e-06
1.6760000000e+03	1.1154850211e-06
1.6770000000e+03	1.0760370807e-06
1.6780000000e+03	1.9853876830e-06
1.6790000000e+03	2.9249765518e-07
1.6800000000e+03	4.0689048973e-07
1.6810000000e+03	4.7254508779e-08
1.6820000000e+03	2.6415153369e-07
1.6830000000e+03	1.3160658889e-06
1.6840000000e+03	1.4249426962e-09
1.6850000000e+03	1.9186584842e-07
1.6860000000e+03	1.2282445245e-06
1.6870000000e+03	2.2680559591e-07
1.6880000000e+03	5.9814414668e-07
1.6890000000e+03	5.2104957627e-07
1.6900000000e+03	1.2130839772e-06
1.6910000000e+03	8.1066625929e-07
1.6920000000e+03	1.5503898907e-06
1.6930000000e+03	6.4040525949e-07
1.6940000000e+03	1.8130733855e-07
1.6950000000e+03	1.3325658071e-06
1.6960000000e+03	1.3416253002e-06
1.6970000000e+03	1.2626957026e-06
1.6980000000e+03	1.5104950221e-07
1.6990000000e+03	4.3609643095e-07
1.7000000000e+03	2.2436334590e-06
1.7010000000e+03	3.0569944922e-06
1.7020000000e+03	4.9913456378e-07
1.7030000000e+03	9.6642030095e-07
1.7040000000e+03	1.5892610142e-06
1.7050000000e+03	6.1685240427e-08
1.7060000000e+03	1.6128341569e-07
1.7070000000e+03	7.4524934453e-07
1.7080000000e+03	6.6374843573e-07
1.7090000000e+03	4.6742207577e-07
1.7100000000e+03	2.8193565180e-07
1.7110000000e+03	6.1627444810e-07
1.7120000000e+03	6.2331692081e-07
1.7130000000e+03	1.6267040802e-06
1.7140000000e+03	1.5617672597e-06
1.7150000000e+03	1.0626927405e-06
1.7160000000e+03	9.6979050639e-08
1.7170000000e+03	6.1215139748e-07
1.7180000000e+03	4.2971921547e-06
1.7190000000e+03	5.2886704322e-07
1.7200000000e+03	1.8458955451e-07
1.7210000000e+03	1.7211737564e-07
1.7220000000e+03	2.2098496724e-06
1.7230000000e+03	3.4414850172e-07
1.7240000000e+03	1.3994404788e-06
1.7250000000e+03	9.0925103691e-08
1.7260000000e+03	4.4153458306e-06
1.7270000000e+03	1.3587829162e-06
1.7280000000e+03	1.1203335658e-06
1.7290000000e+03	3.0172233863e-06
1.7300000000e+03	2.1929083448e-06
1.7310000000e+03	6.2206476804e-07
1.7320000000e+03	2.1705681077e-07
1.7330000000e+03	5.3102121294e-07
1.7340000000e+03	2.3745553101e-06
1.7350000000e+03	7.4393455107e-08
1.7360000000e+03	7.3739031518e-08
1.7370000000e+03	5.9600955070e-07
1.7380000000e+03	8.2034541472e-07
1.7390000000e+03	2.3574754880e-07
1.7400000000e+03	3.3776049864e-07
1.7410000000e+03	7.9219242482e-07
1.7420000000e+03	1.9171043955e-07
1.7430000000e+03	3.9323619798e-07
1.7440000000e+03	8.5867721055e-07
1.7450000000e+03	2.8497882850e-07
1.7460000000e+03	2.3029789551e-07
1.7470000000e+03	5.6036091887e-07
1.7480000000e+03	4.3619073370e-07
1.7490000000e+03	2.0505204956e-07
1.7500000000e+03	8.4787066603e-07
1.7510000000e+03	2.9687605133e-07
1.7520000000e+03	1.4734730738e-07
1.7530000000e+03	1.1986825001e-06
1.7540000000e+03	1.9618307809e-07
1.7550000000e+03	1.2695308429e-06
1.7560000000e+03	9.0260993689e-08
1.7570000000e+03	1.7641825992e-07
1.7580000000e+03	6.5275361840e-07
1.7590000000e+03	1.8814647576e-06
1.7600000000e+03	2.7911105309e-06
1.7610000000e+03	6.2344540269e-07
1.7620000000e+03	3.9812688684e-06
1.7630000000e+03	4.6138125799e-07
1.7640000000e+03	6.5329117487e-07
1.7650000000e+03	3.2572099189e-08
1.7660000000e+03	2.0596840639e-07
1.7670000000e+03	1.9031325398e-07
1.7680000000e+03	1.3988193103e-07
1.7690000000e+03	1.5053062471e-07
1.7700000000e+03	1.0654610080e-06
1.7710000000e+03	1.4821059722e-07
1.7720000000e+03	1.4145613897e-06
1.7730000000e+03	1.1286824130e-06
1.7740000000e+03	6.5810447606e-08
1.7750000000e+03	2.8727186290e-06
1.7760000000e+03	6.9473353896e-07
1.7770000000e+03	5.0967695666e-07
1.7780000000e+03	7.1160312079e-07
1.7790000000e+03	3.6521766352e-06
1.7800000000e+03	1.1209107031e-06
1.7810000000e+03	3.1652941886e-06
1.7820000000e+03	2.4242677022e-07
1.7830000000e+03	8.6996291106e-07
1.7840000000e+03	6.7968557924e-07
1.7850000000e+03	1.6930711878e-06
1.7860000000e+03	5.4730591403e-07
1.7870000000e+03	1.8815783049e-06
1.7880000000e+03	4.1350838777e-07
1.7890000000e+03	6.7181656358e-07
1.7900000000e+03	1.7602812384e-06
1.7910000000e+03	5.5681583202e-07
1.7920000000e+03	7.0049211792e-07
1.7930000000e+03	1.4087145856e-06
1.7940000000e+03	8.7610724003e-07
1.7950000000e+03	2.2578418114e-07
1.7960000000e+03	8.4403162245e-07
1.7970000000e+03	5.0015214518e-07
1.7980000000e+03	1.6611993420e-06
1.7990000000e+03	1.6318925225e-06
1.8000000000e+03	2.5741561799e-07
1.8010000000e+03	5.6673889061e-07
1.8020000000e+03	2.9775051930e-07
1.8030000000e+03	5.6164549807e-07
1.8040000000e+03	1.1403779126e-06
1.8050000000e+03	2.1560169229e-06
1.8060000000e+03	3.3796666049e-07
1.8070000000e+03	1.3497720307e-06
1.8080000000e+03	8.4836961238e-07
1.8090000000e+03	9.4495404987e-07
1.8100000000e+03	3.7879056247e-07
1.8110000000e+03	4.0604278589e-07
1.8120000000e+03	4.4750753372e-07
1.8130000000e+03	7.6914997424e-07
1.8140000000e+03	6.2194966148e-07
1.8150000000e+03	2.3628861084e-06
1.8160000000e+03	1.1018903901e-06
1.8170000000e+03	1.4795214131e-06
1.8180000000e+03	7.6843883255e-07
1.8190000000e+03	7.8016975386e-07
1.8200000000e+03	4.7164763458e-07
1.8210000000e+03	5.9468310014e-07
1.8220000000e+03	1.0437702550e-06
1.8230000000e+03	8.5601982017e-07
1.8240000000e+03	9.4661897661e-07
1.8250000000e+03	5.4373514405e-07
1.8260000000e+03	1.1019890639e-06
1.8270000000e+03	1.1682598044e-08
1.8280000000e+03	8.2369215917e-07
1.8290000000e+03	4.7825018298e-06
1.8300000000e+03	1.7058415517e-06
1.8310000000e+03	2.1544176548e-06
1.8320000000e+03	1.3934567005e-06
1.8330000000e+03	1.4899980562e-06
1.8340000000e+03	6.9230980796e-07
1.8350000000e+03	6.1778817701e-07
1.8360000000e+03	2.1934866758e-06
1.8370000000e+03	3.8091926003e-07
1.8380000000e+03	2.8432815021e-08
1.8390000000e+03	2.1019229384e-06
1.8400000000e+03	3.9179641699e-07
1.8410000000e+03	5.0262933426e-07
1.8420000000e+03	5.8737847187e-08
1.8430000000e+03	6.4823282122e-07
1.8440000000e+03	4.0571295182e-06
1.8450000000e+03	1.3271868512e-06
1.8460000000e+03	4.4446742704e-07
1.8470000000e+03	1.3352337204e-06
1.8480000000e+03	4.3003387572e-07
1.8490000000e+03	8.4075220742e-07
1.8500000000e+03	1.0744044141e-06
1.8510000000e+03	5.6096029127e-07
1.8520000000e+03	8.5652855777e-08
1.8530000000e+03	5.5727529421e-07
1.8540000000e+03	3.8953469295e-07
1.8550000000e+03	2.3919453780e-07
1.8560000000e+03	1.6843252365e-07
1.8570000000e+03	3.5520612647e-08
1.8580000000e+03	1.8135045637e-07
1.8590000000e+03	1.4974549308e-06
1.8600000000e+03	1.2805127416e-07
1.8610000000e+03	2.1715324667e-07
1.8620000000e+03	8.9414603505e-07
1.8630000000e+03	1.5155993034e-08
1.8640000000e+03	4.0171273748e-07
1.8650000000e+03	4.2993580930e-07
1.8660000000e+03	9.3155893689e-07
1.8670000000e+03	3.2944478682e-07
1.8680000000e+03	1.6679775744e-06
1.8690000000e+03	1.3304064650e-07
1.8700000000e+03	3.7363008647e-07
1.8710000000e+03	1.4476859224e-06
1.8720000000e+03	1.6563672318e-06
1.8730000000e+03	1.0055085629e-06
1.8740000000e+03	5.4508582806e-07
1.8750000000e+03	8.9716448600e-07
1.8760000000e+03	7.2729065523e-08
1.8770000000e+03	1.0956329735e-06
1.8780000000e+03	2.0738715376e-06
1.8790000000e+03	6.6490330916e-07
1.8800000000e+03	6.0856103732e-07
1.8810000000e+03	3.0706498580e-06
1.8820000000e+03	2.1382658763e-08
1.8830000000e+03	1.3862149089e-06
1.8840000000e+03	3.1335874882e-07
1.8850000000e+03	1.6179753118e-07
1.8860000000e+03	9.2838240865e-08
1.8870000000e+03	2.3409148022e-06
1.8880000000e+03	7.1880291549e-07
1.8890000000e+03	1.7023521895e-07
1.8900000000e+03	5.3950915805e-07
1.8910000000e+03	6.5566013655e-08
1.8920000000e+03	2.2016659007e-07
1.8930000000e+03	1.6180099750e-06
1.8940000000e+03	6.1772783781e-07
1.8950000000e+03	1.0128841688e-06
1.8960000000e+03	3.2403693642e-08
1.8970000000e+03	2.9570271986e-07
1.8980000000e+03	4.4089834956e-07
1.8990000000e+03	2.0630885903e-07
1.9000000000e+03	1.1979579832e-06
1.9010000000e+03	4.4850058986e-07
1.9020000000e+03	2.3250613908e-06
1.9030000000e+03	4.8940418387e-06
1.9040000000e+03	1.7715499793e-06
1.9050000000e+03	1.2778279367e-07
1.9060000000e+03	2.2611447990e-06
1.9070000000e+03	1.2834115541e-07
1.9080000000e+03	2.7274927269e-07
1.9090000000e+03	1.6287455113e-06
1.9100000000e+03	2.4560235507e-06
1.9110000000e+03	5.6148315490e-07
1.9120000000e+03	1.7960341485e-07
1.9130000000e+03	5.2151209304e-07
1.9140000000e+03	8.4814327319e-08
1.9150000000e+03	2.4478342024e-06
1.9160000000e+03	5.6174002750e-07
1.9170000000e+03	2.7806406525e-08
1.9180000000e+03	1.6372617312e-06
1.9190000000e+03	1.6713363525e-07
1.9200000000e+03	6.6969210548e-07
1.9210000000e+03	4.5921658944e-06
1.9220000000e+03	1.2493133110e-06
1.9230000000e+03	9.2293103492e-07
1.9240000000e+03	2.9663647833e-07
1.9250000000e+03	1.4340546242e-07
1.9260000000e+03	2.3189907879e-07
1.9270000000e+03	6.6668972109e-08
1.9280000000e+03	2.6476543289e-06
1.9290000000e+03	3.5198452829e-07
1.9300000000e+03	2.4456071536e-07
1.9310000000e+03	1.5811718378e-07
1.9320000000e+03	7.6565447149e-07
1.9330000000e+03	7.0714879344e-07
1.9340000000e+03	1.4702300068e-06
1.9350000000e+03	1.1326211256e-06
1.9360000000e+03	2.2061980529e-07
1.9370000000e+03	2.5798898065e-07
1.9380000000e+03	2.4785230314e-06
1.9390000000e+03	2.2877422513e-07
1.9400000000e+03	2.3278858562e-06
1.9410000000e+03	1.6487168816e-07
1.9420000000e+03	1.5791890223e-06
1.9430000000e+03	5.1635148038e-07
1.9440000000e+03	1.0317746902e-06
1.9450000000e+03	3.4622903342e-07
1.9460000000e+03	8.9804305551e-07
1.9470000000e+03	2.8682989114e-06
1.9480000000e+03	1.0436048278e-06
1.9490000000e+03	2.2545571241e-06
1.9500000000e+03	8.0288223946e-07
1.9510000000e+03	8.0235341558e-07
1.9520000000e+03	7.3259165052e-07
1.9530000000e+03	1.9516562123e-06
1.9540000000e+03	4.0117212921e-07
1.9550000000e+03	8.1870918525e-07
1.9560000000e+03	1.5853056309e-06
1.9570000000e+03	3.9792530628e-06
1.9580000000e+03	9.9554726188e-07
1.9590000000e+03	1.0114326217e-06
1.9600000000e+03	4.6506031939e-07
1.9610000000e+03	1.6129598833e-06
1.9620000000e+03	1.6975905016e-06
1.9630000000e+03	1.4675713187e-07
1.9640000000e+03	4.3871868961e-07
1.9650000000e+03	3.0241641241e-07
1.9660000000e+03	1.7862681370e-06
1.9670000000e+03	8.5560342229e-07
1.9680000000e+03	1.7037772959e-06
1.9690000000e+03	3.1161089420e-07
1.9700000000e+03	1.8353320602e-06
1.9710000000e+03	2.5680856295e-06
1.9720000000e+03	1.1714650263e-06
1.9730000000e+03	4.1033749655e-08
1.9740000000e+03	5.0947080065e-08
1.9750000000e+03	1.1028447017e-06
1.9760000000e+03	1.0256665589e-06
1.9770000000e+03	4.1635248239e-07
1.9780000000e+03	7.7489537744e-07
1.9790000000e+03	1.3309620646e-07
1.9800000000e+03	1.2908468469e-06
1.9810000000e+03	2.4207323344e-06
1.9820000000e+03	9.3060193948e-08
1.9830000000e+03	1.8294433107e-07
1.9840000000e+03	4.5209438360e-07
1.9850000000e+03	4.1646176035e-09
1.9860000000e+03	1.5415083592e-06
1.9870000000e+03	6.7550613996e-07
1.9880000000e+03	1.3884243446e-06
1.9890000000e+03	1.3422353472e-06
1.9900000000e+03	2.8908678081e-07
1.9910000000e+03	2.9655748813e-07
1.9920000000e+03	5.6136415198e-06
1.9930000000e+03	7.5168449713e-08
1.9940000000e+03	2.8753900248e-07
1.9950000000e+03	1.4007848325e-06
1.9960000000e+03	4.5643220469e-08
1.9970000000e+03	3.5886114821e-07
1.9980000000e+03	3.0344662492e-07
1.9990000000e+03	4.0140357627e-07
2.0000000000e+03	1.4304810966e-07
